# 默认Config为组队挖土N次
# 判定点(x, y)----判定点rgb色-------------点击区(x, y)范围--------点击间隔
# pix_x pix_y pix_r pix_g pix_b x_min x_max y_min y_max sleep count scope
# 1. 拒绝悬赏协作
   473   123   179   146   118   512   534   74    92    0.8    0     0
# 2. 超6000
   428   284   203   181   156   386   466   265   298    1     0     1
# 4.1 进入战斗
   794   448   215   208   196   770   820   390   440    3    1     0
   794   448   90    75    68    770   820   390   440    3    1     0
   794   448   100   97    93    770   820   390   440    3    1     0
# 4.2 判定达摩
   428   284   203   181   156   830   850   80    360    3    0     1
#   440   440   3     2     4     20    80    80    360    2     0     0
#   440   440   3     2     4     800   850   80    360    2     0     0
#   440   440   46    3     5     20    80    80    360    2     0     0
#   440   440   46    3     5     800   850   80    360    2     0     0
# 4.3 退出讨伐
   822   58    232   212   207   810   831   18    35     2     0     0


